649,724
649,721
660,658
660,661
749,755
749,758
568,569
568,152
657,655
657,532
365,138
365,366
758,749
758,756
339,340
339,140
724,722
724,649
631,3
631,632
467,144
467,468
397,172
397,398
598,599
598,176
524,522
524,286
606,607
606,184
651,290
651,652
618,616
618,617
534,658
534,661
530,532
530,529
670,669
670,310
575,574
575,2
736,709
736,738
755,749
755,756
682,550
682,683
90,8
90,224
90,280
90,283
599,597
599,598
92,100
92,90
92,284
92,287
96,295
96,92
96,292
96,40
299,108
299,104
299,298
645,646
645,79
354,356
354,2
354,150
360,156
360,356
360,152
368,138
368,52
368,366
468,466
468,467
468,472
412,64
412,176
412,414
420,422
420,192
420,184
730,729
730,595
8,330
8,288
8,327
8,291
572,574
572,2
578,52
578,576
461,115
461,458
747,749
747,722
464,462
464,28
509,507
509,84
288,8
288,290
602,600
602,603
732,734
732,733
612,614
612,613
448,446
448,449
445,12
445,441
684,686
684,577
1,195
1,194
195,196
195,19
195,1
450,451
450,207
207,450
207,453
207,7
473,227
473,474
477,621
477,620
31,488
31,67
31,489
251,31
251,252
499,3
499,500
3,634
3,631
706,708
706,705
708,706
708,621
716,714
716,489
666,665
666,668
620,477
620,622
622,621
622,620
630,489
630,628
632,634
632,631
474,476
474,473
478,480
478,477
488,490
488,31
496,498
496,79
500,502
500,499
702,704
702,703
451,450
451,453
451,455
453,451
453,207
453,208
226,66
226,7
226,228
228,232
228,226
228,227
236,234
236,235
236,240
252,256
252,250
252,251
260,264
260,268
260,258
260,259
370,52
370,366
286,524
286,521
344,340
344,148
709,737
709,736
537,538
537,539
493,491
493,494
503,505
503,80
505,503
505,506
662,664
662,663
180,16
180,396
180,402
635,637
635,80
194,196
194,18
194,1
196,195
196,200
196,194
196,204
200,196
200,19
200,208
200,20
208,455
208,453
208,66
208,212
66,232
66,208
66,226
66,24
68,76
68,66
68,234
68,240
72,491
72,68
72,494
72,32
80,635
80,638
80,72
80,88
508,507
508,84
611,610
611,192
703,702
703,4
241,243
241,24
245,76
245,247
247,248
247,245
273,88
273,275
275,279
275,273
275,276
627,489
627,628
481,482
481,483
484,625
484,624
510,512
510,32
514,516
514,88
518,520
518,519
744,743
744,746
710,709
710,712
718,717
718,720
752,739
752,754
624,484
624,626
640,639
640,642
18,194
18,214
18,204
204,196
204,20
204,18
204,216
20,220
20,200
20,204
20,212
212,20
212,208
212,24
212,224
24,241
24,90
24,212
24,244
76,248
76,92
76,24
76,245
32,510
32,96
32,76
32,513
88,104
88,514
88,32
88,517
519,518
519,36
115,28
115,310
115,461
115,305
28,314
28,464
28,311
28,127
127,371
127,224
127,8
127,374
280,90
280,282
521,522
521,286
292,616
292,617
294,292
294,295
298,302
298,296
298,299
100,388
100,8
100,92
100,389
647,522
647,649
449,40
449,448
658,660
658,534
655,657
655,656
756,755
756,758
722,747
722,750
112,442
112,40
112,439
522,650
522,647
616,618
616,292
536,534
536,535
532,657
532,656
214,6
214,18
214,216
216,220
216,115
216,214
216,204
220,28
220,20
220,224
220,216
224,220
224,127
224,212
224,90
283,90
283,282
287,286
287,92
295,96
295,294
104,112
104,96
104,296
104,299
108,12
108,302
108,299
738,737
738,736
737,709
737,738
456,6
456,458
458,461
458,456
458,305
462,311
462,464
525,290
525,526
446,40
446,448
439,112
439,441
441,442
441,439
441,445
742,740
742,489
553,555
553,304
540,542
540,541
528,290
528,526
663,662
663,232
557,558
557,559
562,563
562,560
6,456
6,304
6,305
305,115
305,458
305,6
305,306
311,312
311,462
311,28
371,372
371,127
327,328
327,8
581,378
581,579
389,390
389,100
40,446
40,100
40,164
40,449
442,12
442,112
442,441
12,445
12,442
12,60
7,226
7,207
7,227
628,630
628,627
67,7
67,234
67,235
555,553
555,556
542,540
542,310
559,314
559,557
560,328
560,562
579,580
579,581
489,742
489,739
497,498
497,79
304,553
304,556
306,310
306,304
306,305
312,311
312,314
372,371
372,374
563,328
563,562
580,378
580,579
388,390
388,100
714,716
714,713
668,227
668,666
317,318
317,114
317,116
116,120
116,322
116,317
116,115
323,324
323,120
331,332
331,128
132,128
132,380
132,8
132,381
381,132
381,382
385,386
385,160
164,160
164,40
164,56
644,646
644,79
556,555
556,304
634,3
634,632
545,543
545,546
547,549
547,548
552,326
552,550
584,382
584,582
587,585
587,386
314,558
314,559
673,728
673,725
677,676
677,679
681,550
681,683
374,372
374,127
328,563
328,560
546,545
546,316
548,547
548,322
551,326
551,550
334,332
334,128
380,132
380,382
583,382
583,582
586,585
586,386
390,389
390,388
476,227
476,474
480,478
480,235
490,488
490,489
498,496
498,497
42,150
42,114
42,124
349,44
349,350
564,44
564,565
335,336
335,136
345,346
345,48
592,405
592,593
588,589
588,393
409,56
409,410
433,434
433,183
433,60
60,438
60,433
60,12
19,195
19,200
19,207
688,690
688,689
713,714
713,489
729,731
729,730
567,44
567,565
593,592
593,595
591,589
591,393
350,352
350,349
352,44
352,350
338,336
338,136
348,346
348,406
348,48
406,348
406,405
408,56
408,410
410,408
410,409
434,433
434,432
434,438
438,434
438,60
302,532
302,529
665,227
665,666
150,355
150,354
150,42
152,138
152,571
152,568
152,124
138,44
138,368
138,365
138,140
140,339
140,136
140,144
140,342
144,140
144,48
144,467
144,466
172,396
172,144
172,168
172,397
176,597
176,172
176,56
176,598
413,176
413,414
184,696
184,695
184,176
184,183
188,426
188,421
188,60
402,180
402,398
695,697
695,184
697,696
697,695
234,68
234,67
234,236
569,571
569,568
571,569
571,152
227,665
227,668
250,31
250,252
250,72
597,599
597,176
605,607
605,184
607,605
607,606
258,80
258,79
258,260
264,3
264,84
264,260
356,364
356,355
356,354
356,360
366,368
366,370
366,365
340,339
340,344
340,342
342,340
342,140
342,148
466,144
466,468
466,16
396,180
396,172
396,398
398,402
398,396
398,397
414,412
414,413
414,418
422,430
422,420
422,421
422,426
426,4
426,422
426,188
235,480
235,477
727,728
727,725
574,572
574,575
576,578
576,577
600,602
600,64
608,610
608,192
610,608
610,611
614,612
614,4
168,393
168,48
168,392
168,160
686,687
686,684
691,693
691,692
693,691
693,603
700,698
700,701
704,702
704,4
2,572
2,575
156,52
156,364
156,360
52,578
52,577
52,148
148,344
148,342
148,16
16,466
16,148
16,472
472,16
472,468
64,600
64,180
64,603
192,698
192,64
192,701
430,192
430,422
430,4
4,704
4,703
114,317
114,316
114,6
692,691
692,603
324,323
324,326
120,28
120,323
120,326
120,128
259,3
259,79
259,260
128,334
128,127
128,132
128,331
160,385
160,132
160,384
160,100
539,232
539,537
669,671
669,670
491,493
491,72
507,509
507,508
639,512
639,640
418,64
418,414
674,543
674,675
705,706
705,621
721,722
721,649
664,662
664,232
676,549
676,677
290,651
290,654
637,635
637,638
543,674
543,673
549,676
549,679
541,540
541,310
550,682
550,681
754,753
754,752
455,451
455,208
582,583
582,584
743,512
743,744
585,587
585,586
232,664
232,663
240,68
240,236
256,72
256,252
675,674
675,673
355,356
355,150
355,152
84,509
84,508
84,36
679,549
679,677
683,682
683,681
701,734
701,733
725,673
725,727
621,708
621,705
753,739
753,754
318,317
318,316
318,322
322,549
322,548
268,84
268,80
268,260
538,232
538,537
740,742
740,739
332,331
332,334
382,583
382,584
386,587
386,586
494,493
494,72
646,644
646,645
638,637
638,80
310,671
310,670
506,505
506,80
728,673
728,727
79,644
79,31
79,645
558,314
558,557
650,522
650,649
243,244
243,241
750,749
750,722
269,32
269,271
652,651
652,654
271,269
271,272
421,422
421,184
421,188
279,36
279,275
330,328
330,8
330,378
698,700
698,192
661,660
661,534
654,290
654,652
378,580
378,581
656,655
656,532
124,44
124,152
124,42
124,116
44,120
44,567
44,564
44,136
696,697
696,184
136,128
136,48
136,338
136,335
48,348
48,132
48,345
48,405
405,592
405,595
393,591
393,588
483,244
483,481
56,408
56,164
56,168
56,409
486,484
486,248
183,56
183,432
183,433
512,743
512,746
364,356
364,2
364,156
516,514
516,517
520,518
520,36
746,512
746,744
739,753
739,752
712,625
712,710
720,512
720,718
577,687
577,684
690,688
690,595
689,688
689,595
626,625
626,624
642,512
642,640
687,686
687,577
731,729
731,595
482,244
482,481
589,591
589,588
565,564
565,567
502,3
502,500
625,709
625,712
734,732
734,701
595,731
595,730
248,486
248,485
244,482
244,483
485,484
485,248
513,512
513,32
272,32
272,271
36,520
36,108
36,519
316,543
316,546
671,669
671,310
517,516
517,88
526,525
526,528
276,36
276,88
276,275
326,551
326,552
336,335
336,338
346,345
346,348
603,693
603,692
392,168
392,394
733,732
733,701
394,392
394,393
432,434
432,183
717,512
717,718
613,612
613,4
384,386
384,160
291,378
291,8
291,290
282,280
282,283
284,286
284,92
617,618
617,292
535,536
535,296
296,534
296,535
529,530
529,302
