649,2.953125,6.046875
660,2.953125,8.015625
749,2.98828125,6.01171875
568,7.875,0.84375
657,2.953125,9.0
365,7.875,1.6875
758,3.005859375,6.01171875
339,7.875,2.8125
724,3.0234375,6.046875
631,0.0,8.859375
467,7.875,5.0625
397,7.875,6.1875
598,7.875,7.03125
524,3.09375,6.1875
606,7.875,8.15625
651,3.9375,4.921875
618,3.09375,7.03125
534,3.09375,7.875
530,3.09375,8.71875
670,5.0625,0.984375
575,9.0,0.28125
736,2.00390625,5.9765625
755,2.98828125,5.994140625
682,5.90625,2.109375
90,3.375,4.5
599,8.15625,7.03125
92,3.375,5.625
96,3.375,6.75
299,3.375,8.4375
645,0.0,8.015625
354,8.4375,0.0
360,8.4375,1.125
368,8.4375,2.25
468,8.4375,5.0625
412,8.4375,6.75
420,8.4375,7.875
730,7.03125,4.9921875
8,4.5,4.5
572,8.71875,0.0
578,8.71875,2.25
461,3.9375,1.125
747,2.98828125,5.9765625
464,3.9375,2.25
509,0.84375,9.0
288,3.9375,4.5
602,8.71875,7.03125
732,8.9296875,7.9453125
612,8.71875,8.71875
448,3.9375,7.3125
445,3.9375,9.0
684,8.859375,1.96875
1,0.0,0.0
195,0.0,1.125
450,0.0,2.8125
207,0.0,3.375
473,0.0,4.78125
477,0.0,5.90625
31,0.0,6.75
251,0.0,7.3125
499,0.0,8.71875
3,0.0,9.0
706,0.0703125,5.9765625
708,0.0703125,6.046875
716,0.0703125,7.03125
666,0.140625,4.921875
620,0.140625,5.90625
622,0.140625,6.046875
630,0.140625,7.03125
632,0.140625,8.859375
474,0.28125,4.78125
478,0.28125,5.90625
488,0.28125,6.75
496,0.28125,7.875
500,0.28125,8.71875
702,8.859375,8.859375
451,0.5625,2.8125
453,0.5625,3.375
226,0.5625,4.5
228,0.5625,5.0625
236,0.5625,6.1875
252,0.5625,7.3125
260,0.5625,8.4375
370,9.0,1.6875
286,2.8125,6.1875
344,9.0,2.8125
709,1.96875,5.9765625
537,0.84375,4.78125
493,0.84375,7.03125
503,0.84375,7.875
505,0.84375,8.15625
662,0.984375,4.921875
180,9.0,5.625
635,0.984375,7.875
194,1.125,0.0
196,1.125,1.125
200,1.125,2.25
208,1.125,3.375
66,1.125,4.5
68,1.125,5.625
72,1.125,6.75
80,1.125,7.875
508,1.125,8.71875
611,9.0,8.15625
703,9.0,8.859375
241,1.6875,4.5
245,1.6875,5.625
247,1.6875,6.1875
273,1.6875,7.875
275,1.6875,8.4375
627,0.0,6.890625
481,1.96875,4.78125
484,1.96875,5.90625
510,1.96875,6.75
514,1.96875,7.875
518,1.96875,8.71875
744,2.00390625,6.99609375
710,2.0390625,5.9765625
718,2.0390625,6.9609375
752,0.017578125,6.99609375
624,2.109375,5.90625
640,2.109375,6.890625
18,2.25,0.0
204,2.25,1.125
20,2.25,2.25
212,2.25,3.375
24,2.25,4.5
76,2.25,5.625
32,2.25,6.75
88,2.25,7.875
519,2.25,8.71875
115,4.5,1.125
28,4.5,2.25
127,4.5,3.375
280,2.8125,4.5
521,2.8125,5.90625
292,2.8125,6.75
294,2.8125,7.3125
298,2.8125,8.4375
100,4.5,5.625
647,2.953125,5.90625
449,4.5,7.3125
658,2.953125,7.875
655,2.953125,8.859375
756,3.005859375,5.994140625
722,3.0234375,5.9765625
112,4.5,7.875
522,3.09375,5.90625
616,3.09375,6.75
536,3.09375,8.15625
532,3.09375,9.0
214,3.375,0.0
216,3.375,1.125
220,3.375,2.25
224,3.375,3.375
283,3.375,5.0625
287,3.375,6.1875
295,3.375,7.3125
104,3.375,7.875
108,3.375,9.0
738,2.00390625,6.01171875
737,1.96875,6.01171875
456,3.9375,0.0
458,3.9375,0.5625
462,3.9375,1.6875
525,3.9375,4.78125
446,3.9375,6.75
439,3.9375,7.875
441,3.9375,8.4375
742,0.03515625,7.03125
553,4.78125,0.0
540,4.78125,0.84375
528,4.21875,5.0625
663,1.125,4.921875
557,4.78125,1.96875
562,4.78125,4.21875
6,4.5,0.0
305,4.5,0.5625
311,4.5,1.6875
371,4.5,2.8125
327,4.5,3.9375
581,4.78125,5.0625
389,4.5,6.1875
40,4.5,6.75
442,4.5,8.4375
12,4.5,9.0
7,0.0,4.5
628,0.140625,6.890625
67,0.0,5.625
555,4.78125,0.28125
542,4.78125,1.125
559,4.78125,2.25
560,4.78125,3.9375
579,4.78125,4.78125
489,0.0,7.03125
497,0.0,8.15625
304,5.0625,0.0
306,5.0625,0.5625
312,5.0625,1.6875
372,5.0625,2.8125
563,5.0625,4.21875
580,5.0625,4.78125
388,5.0625,5.625
714,0.0703125,6.9609375
668,0.140625,5.0625
317,5.625,0.5625
116,5.625,1.125
323,5.625,1.6875
331,5.625,2.8125
132,5.625,4.5
381,5.625,5.0625
385,5.625,6.1875
164,5.625,6.75
644,0.140625,7.875
556,5.0625,0.28125
634,0.140625,9.0
545,5.90625,0.28125
547,5.90625,0.84375
552,5.90625,2.25
584,5.90625,5.0625
587,5.90625,6.1875
314,5.0625,2.25
673,6.046875,0.0
677,6.046875,0.984375
681,6.046875,1.96875
374,5.0625,3.375
328,5.0625,3.9375
546,6.1875,0.28125
548,6.1875,0.84375
551,6.1875,1.96875
334,6.1875,3.375
380,6.1875,4.5
583,6.1875,4.78125
586,6.1875,5.90625
390,5.0625,6.1875
476,0.28125,5.0625
480,0.28125,6.1875
490,0.28125,7.03125
498,0.28125,8.15625
42,6.75,0.0
349,6.75,1.6875
564,6.75,1.96875
335,6.75,2.8125
345,6.75,3.9375
592,6.75,4.78125
588,6.75,5.90625
409,6.75,7.3125
433,6.75,8.4375
60,6.75,9.0
19,0.0,2.25
688,6.890625,4.921875
713,0.0,6.9609375
729,6.9609375,4.9921875
567,7.03125,2.25
593,7.03125,4.78125
591,7.03125,6.1875
350,7.3125,1.6875
352,7.3125,2.25
338,7.3125,3.375
348,7.3125,4.5
406,7.3125,5.0625
408,7.3125,6.75
410,7.3125,7.3125
434,7.3125,8.4375
438,7.3125,9.0
302,2.8125,9.0
665,0.0,4.921875
150,7.875,0.0
152,7.875,1.125
138,7.875,2.25
140,7.875,3.375
144,7.875,4.5
172,7.875,5.625
176,7.875,6.75
413,7.875,7.3125
184,7.875,7.875
188,7.875,9.0
402,9.0,6.1875
695,8.015625,7.875
697,8.015625,8.015625
234,0.5625,5.625
569,8.15625,0.84375
571,8.15625,1.125
227,0.0,5.0625
250,0.5625,6.75
597,8.15625,6.75
605,8.15625,7.875
607,8.15625,8.15625
258,0.5625,7.875
264,0.5625,9.0
356,8.4375,0.5625
366,8.4375,1.6875
340,8.4375,2.8125
342,8.4375,3.375
466,8.4375,4.5
396,8.4375,5.625
398,8.4375,6.1875
414,8.4375,7.3125
422,8.4375,8.4375
426,8.4375,9.0
235,0.0,6.1875
727,5.9765625,0.0703125
574,8.71875,0.28125
576,8.71875,1.96875
600,8.71875,6.75
608,8.71875,7.875
610,8.71875,8.15625
614,8.71875,9.0
168,6.75,5.625
686,8.859375,2.109375
691,8.859375,6.890625
693,8.859375,7.03125
700,8.859375,8.015625
704,8.859375,9.0
2,9.0,0.0
156,9.0,1.125
52,9.0,2.25
148,9.0,3.375
16,9.0,4.5
472,9.0,5.0625
64,9.0,6.75
192,9.0,7.875
430,9.0,8.4375
4,9.0,9.0
114,5.625,0.0
692,9.0,6.890625
324,6.1875,1.6875
120,5.625,2.25
259,0.0,8.4375
128,5.625,3.375
160,5.625,5.625
539,0.84375,5.0625
669,4.921875,0.984375
491,0.84375,6.75
507,0.84375,8.71875
639,1.96875,6.890625
418,9.0,7.3125
674,5.90625,0.140625
705,0.0,5.9765625
721,2.953125,5.9765625
664,0.984375,5.0625
676,5.90625,0.984375
290,3.9375,5.0625
637,0.984375,8.015625
543,5.90625,0.0
549,5.90625,1.125
541,5.0625,0.84375
550,5.90625,1.96875
754,0.017578125,7.013671875
455,1.125,2.8125
582,5.90625,4.78125
743,1.96875,6.99609375
585,5.90625,5.90625
232,1.125,5.0625
240,1.125,6.1875
256,1.125,7.3125
675,6.046875,0.140625
355,7.875,0.5625
84,1.125,9.0
679,6.046875,1.125
683,6.046875,2.109375
701,9.0,8.015625
725,5.9765625,0.0
621,0.0,6.046875
753,0.0,7.013671875
318,6.1875,0.5625
322,6.1875,1.125
268,1.125,8.4375
538,1.125,4.78125
740,0.03515625,6.99609375
332,6.1875,2.8125
382,6.1875,5.0625
386,6.1875,6.1875
494,1.125,7.03125
646,0.140625,8.015625
638,1.125,8.015625
310,5.0625,1.125
506,1.125,8.15625
728,6.046875,0.0703125
79,0.0,7.875
558,5.0625,1.96875
650,3.09375,6.046875
243,1.6875,5.0625
750,3.0234375,6.01171875
269,1.6875,6.75
652,4.078125,4.921875
271,1.6875,7.3125
421,7.875,8.4375
279,1.6875,9.0
330,5.0625,4.5
698,8.859375,7.875
661,3.09375,8.015625
654,4.078125,5.0625
378,5.0625,5.0625
656,3.09375,8.859375
124,6.75,1.125
44,6.75,2.25
696,7.875,8.015625
136,6.75,3.375
48,6.75,4.5
405,6.75,5.0625
393,6.75,6.1875
483,1.96875,5.0625
56,6.75,6.75
486,1.96875,6.1875
183,6.75,7.875
512,1.96875,7.03125
364,9.0,0.5625
516,1.96875,8.15625
520,1.96875,9.0
746,2.00390625,7.03125
739,0.0,6.99609375
712,2.0390625,6.046875
720,2.0390625,7.03125
577,9.0,1.96875
690,6.890625,5.0625
689,7.03125,4.921875
626,2.109375,6.046875
642,2.109375,7.03125
687,9.0,2.109375
731,6.9609375,5.0625
482,2.25,4.78125
589,7.03125,5.90625
565,7.03125,1.96875
502,0.28125,9.0
625,1.96875,6.046875
734,8.9296875,8.015625
595,7.03125,5.0625
248,2.25,6.1875
244,2.25,5.0625
485,2.25,5.90625
513,2.25,7.03125
272,2.25,7.3125
36,2.25,9.0
316,6.1875,0.0
671,4.921875,1.125
517,2.25,8.15625
526,4.21875,4.78125
276,2.25,8.4375
326,6.1875,2.25
336,7.3125,2.8125
346,7.3125,3.9375
603,9.0,7.03125
392,7.3125,5.625
733,9.0,7.9453125
394,7.3125,6.1875
432,7.3125,7.875
717,1.96875,6.9609375
613,9.0,8.71875
384,6.1875,5.625
291,4.5,5.0625
282,2.8125,5.0625
284,2.8125,5.625
617,2.8125,7.03125
535,2.8125,8.15625
296,2.8125,7.875
529,2.8125,8.71875
